# Kegerreis et al (2024) Table 2 plain text
# ID  q(R_M)  v_inf(km/s)  log10(M_A(kg))  log10(N)  ^L  L(L_max)  n^frag  f_unb(%)  f_bnd(%)  f_capt(%)  f^frag_capt(%)  n^frag_capt
1  1.1  0.0  20  -  6.5  -  -  259  47.4  52.6  47.9  47.7  146
2  1.2  0.0  20  -  6.5  -  -  247  48.4  51.6  44.4  44.3  139
3  1.3  0.0  20  -  6.5  -  -  268  48.4  51.6  42.4  42.2  142
4  1.4  0.0  20  -  6.5  -  -  223  48.7  51.3  44.2  44.1  133
5  1.5  0.0  20  -  6.5  -  -  215  56.6  43.4  42.8  42.7  129
6  1.6  0.0  20  -  6.5  -  -  183  53.4  46.6  36.8  36.7  102
7  1.7  0.0  20  -  6.5  -  -  139  61.2  38.8  33.6  33.5  95
8  1.8  0.0  20  -  6.5  -  -  80  76.2  23.8  23.5  23.4  49
9  1.9  0.0  20  -  6.5  -  -  2  81.9  18.1  18.1  18.1  1
10  2.0  0.0  20  -  6.5  -  -  5  0.0  100.0  0.0  0.0  0
11  2.2  0.0  20  -  6.5  -  -  1  0.0  100.0  0.0  0.0  0
12  2.4  0.0  20  -  6.5  -  -  1  0.0  100.0  0.0  0.0  0
13  1.2  0.2  20  -  6.5  -  -  260  50.7  49.3  44.1  43.9  137
14  1.4  0.2  20  -  6.5  -  -  240  54.8  45.2  40.5  40.4  137
15  1.6  0.2  20  -  6.5  -  -  184  60.8  39.2  35.2  35.2  96
16  1.8  0.2  20  -  6.5  -  -  64  76.3  23.7  18.8  18.8  29
17  2.0  0.2  20  -  6.5  -  -  3  87.9  12.1  0.0  0.0  0
18  1.2  0.4  20  -  6.5  -  -  249  57.4  42.6  34.4  34.3  118
19  1.4  0.4  20  -  6.5  -  -  226  62.0  38.0  33.0  32.9  116
20  1.6  0.4  20  -  6.5  -  -  154  66.6  33.4  29.8  29.8  85
21  1.8  0.4  20  -  6.5  -  -  58  83.1  16.9  14.2  14.2  9
22  2.0  0.4  20  -  6.5  -  -  2  100.0  0.0  0.0  0.0  0
23  1.2  0.6  20  -  6.5  -  -  211  68.0  32.0  25.0  24.9  76
24  1.4  0.6  20  -  6.5  -  -  206  72.7  27.3  22.6  22.5  84
25  1.6  0.6  20  -  6.5  -  -  147  79.4  20.6  16.7  16.6  48
26  1.8  0.6  20  -  6.5  -  -  55  100.0  0.0  0.0  0.0  0
27  2.0  0.6  20  -  6.5  -  -  20  100.0  0.0  0.0  0.0  0
28  1.2  0.8  20  -  6.5  -  -  226  83.7  16.3  13.8  13.8  48
29  1.4  0.8  20  -  6.5  -  -  181  85.0  15.0  12.6  12.5  28
30  1.6  0.8  20  -  6.5  -  -  110  92.4  7.6  6.3  6.2  6
31  1.8  0.8  20  -  6.5  -  -  43  100.0  0.0  0.0  0.0  0
32  1.2  1.0  20  -  6.5  -  -  196  95.9  4.1  2.5  2.5  11
33  1.4  1.0  20  -  6.5  -  -  154  97.7  2.3  0.0  0.0  0
34  1.6  1.0  20  -  6.5  -  -  158  100.0  0.0  0.0  0.0  0
35  1.8  1.0  20  -  6.5  -  -  3  100.0  0.0  0.0  0.0  0
36  1.2  1.2  20  -  6.5  -  -  156  100.0  0.0  0.0  0.0  0
37  1.2  1.4  20  -  6.5  -  -  144  100.0  0.0  0.0  0.0  0
38  1.2  1.6  20  -  6.5  -  -  123  100.0  0.0  0.0  0.0  0
39  1.2  0.0  20  -  5  -  -  57  48.4  51.6  41.3  41.2  34
40  1.2  0.0  20  -  5.5  -  -  89  47.4  52.6  46.5  46.4  52
41  1.2  0.0  20  -  6  -  -  142  52.2  47.8  47.2  47.1  79
42  1.2  0.0  20  -  7  -  -  327  46.9  53.1  43.5  43.3  186
43  1.4  0.0  20  -  5  -  -  52  54.6  45.4  42.8  42.6  34
44  1.4  0.0  20  -  5.5  -  -  73  50.6  49.4  49.0  48.9  45
45  1.4  0.0  20  -  6  -  -  125  52.0  48.0  43.5  43.4  76
46  1.4  0.0  20  -  7  -  -  328  51.3  48.7  43.5  43.3  197
47  1.6  0.0  20  -  5  -  -  29  57.4  42.6  41.1  41.1  18
48  1.6  0.0  20  -  5.5  -  -  60  59.8  40.2  39.3  39.3  36
49  1.6  0.0  20  -  6  -  -  83  53.8  46.2  36.8  36.8  55
50  1.6  0.0  20  -  7  -  -  252  52.5  47.5  38.6  38.3  163
51  1.2  0.0  18  -  6  -  -  35  48.4  51.6  31.3  29.8  14
52  1.2  0.0  18.5  -  6  -  -  51  50.5  49.5  36.4  35.4  21
53  1.2  0.0  19  -  6.5  -  -  107  51.6  48.4  39.0  38.3  47
54  1.2  0.0  19.5  -  6.5  -  -  166  50.4  49.6  41.6  41.4  84
55  1.2  0.0  20.5  -  7  -  -  625  47.4  52.6  48.9  48.8  397
56  1.2  0.0  21  -  7  -  -  2362  48.6  51.4  50.5  49.4  2110
57  1.6  0.0  18  -  6  -  -  15  54.3  45.7  24.7  24.4  2
58  1.6  0.0  18.5  -  6  -  -  27  52.5  47.5  30.5  30.3  10
59  1.6  0.0  19  -  6.5  -  -  55  53.4  46.6  35.8  35.4  28
60  1.6  0.0  19.5  -  6.5  -  -  109  57.3  42.7  38.8  38.5  55
61  1.6  0.0  20.5  -  7  -  -  362  53.3  46.7  39.3  39.2  312
62  1.6  0.0  21  -  7  -  -  1665  53.6  46.4  40.1  39.3  1580
63  1.2  0.0  20  d  6.5  -  -  175  54.2  45.8  43.0  43.0  104
64  1.4  0.0  20  d  6.5  -  -  210  17.6  82.4  19.1  18.9  112
65  1.6  0.0  20  d  6.5  -  -  150  86.0  14.0  13.7  13.6  91
66  1.8  0.0  20  d  6.5  -  -  57  94.5  5.5  4.8  4.7  44
67  2.0  0.0  20  d  6.5  -  -  99  1.2  98.8  0.5  0.3  19
68  2.2  0.0  20  d  6.5  -  -  1  0.0  100.0  0.0  0.0  0
69  1.2  0.2  20  d  6.5  -  -  157  58.1  41.9  41.3  41.2  100
70  1.2  0.4  20  d  6.5  -  -  163  63.0  37.0  36.8  36.8  91
71  1.2  0.6  20  d  6.5  -  -  220  82.8  17.2  16.8  16.7  80
72  1.2  0.8  20  d  6.5  -  -  190  84.9  15.1  14.8  14.8  53
73  1.2  1.0  20  d  6.5  -  -  156  89.2  10.8  6.2  6.2  18
74  1.6  0.2  20  d  6.5  -  -  170  58.8  41.2  41.1  41.0  105
75  1.6  0.4  20  d  6.5  -  -  186  59.2  40.8  33.3  33.2  86
76  1.6  0.6  20  d  6.5  -  -  190  82.9  17.1  16.9  16.9  73
77  1.6  0.8  20  d  6.5  -  -  179  84.6  15.4  14.8  14.7  51
78  1.6  1.0  20  d  6.5  -  -  137  89.1  10.9  6.0  6.0  20
79  1.2  0.0  20  -  6.5  x  1/8  87  45.9  54.1  45.5  44.8  54
80  1.2  0.0  20  -  6.5  x  1/4  285  49.7  50.3  44.6  42.4  180
81  1.2  0.0  20  -  6.5  x  1/2  675  52.7  47.3  47.1  43.6  409
82  1.2  0.0  20  -  6.5  x  3/4  1010  48.6  51.4  46.5  43.5  600
83  1.2  0.0  20  -  6.5  x  1  1839  49.5  50.5  46.1  40.2  1246
84  1.2  0.0  20  -  6.5  y  1/8  74  51.6  48.4  48.4  47.7  52
85  1.2  0.0  20  -  6.5  y  1/4  206  44.8  55.2  47.9  46.2  132
86  1.2  0.0  20  -  6.5  y  1/2  535  47.6  52.4  46.6  43.8  273
87  1.2  0.0  20  -  6.5  y  3/4  793  48.2  51.8  47.3  44.5  411
88  1.2  0.0  20  -  6.5  y  1  259  46.1  53.9  48.5  47.1  134
89  1.2  0.0  20  -  6.5  z  -1  1  100.0  0.0  0.0  0.0  0
90  1.2  0.0  20  -  6.5  z  -3/4  1  0.0  100.0  0.0  0.0  0
91  1.2  0.0  20  -  6.5  z  -1/2  132  1.7  98.3  1.3  1.1  37
92  1.2  0.0  20  -  6.5  z  -1/4  146  66.6  33.4  29.1  29.1  85
93  1.2  0.0  20  -  6.5  z  -1/8  211  43.6  56.4  41.4  41.3  124
94  1.2  0.0  20  -  6.5  z  1/8  267  47.0  53.0  47.3  47.2  146
95  1.2  0.0  20  -  6.5  z  1/4  279  46.5  53.5  48.3  48.2  159
96  1.2  0.0  20  -  6.5  z  1/2  289  48.3  51.7  48.5  48.4  173
97  1.2  0.0  20  -  6.5  z  3/4  316  47.4  52.6  48.7  47.9  185
98  1.2  0.0  20  -  6.5  z  1  313  49.6  50.4  47.6  47.4  176
99  1.6  0.0  20  -  6.5  x  1/8  57  54.6  45.4  38.4  38.2  37
100  1.6  0.0  20  -  6.5  x  1/4  38  59.3  40.7  40.7  40.4  25
101  1.6  0.0  20  -  6.5  x  1/2  114  55.4  44.6  44.6  43.2  100
102  1.6  0.0  20  -  6.5  x  3/4  159  51.7  48.3  32.6  31.5  87
103  1.6  0.0  20  -  6.5  x  1  183  45.3  54.7  38.6  37.4  88
104  1.6  0.0  20  -  6.5  y  1/8  42  54.1  45.9  39.8  39.5  25
105  1.6  0.0  20  -  6.5  y  1/4  204  53.0  47.0  46.7  45.1  151
106  1.6  0.0  20  -  6.5  y  1/2  549  51.5  48.5  48.2  45.1  372
107  1.6  0.0  20  -  6.5  y  3/4  1547  50.8  49.2  44.5  34.4  1145
108  1.6  0.0  20  -  6.5  y  1  1665  51.2  48.8  45.5  38.2  1044
109  1.6  0.0  20  -  6.5  z  -1/2  1  0.0  100.0  0.0  0.0  0
110  1.6  0.0  20  -  6.5  z  -1/4  2  71.6  28.4  28.4  28.4  1
111  1.6  0.0  20  -  6.5  z  -1/8  131  66.7  33.3  28.6  28.6  66
112  1.6  0.0  20  -  6.5  z  1/8  206  50.4  49.6  42.0  41.9  120
113  1.6  0.0  20  -  6.5  z  1/4  269  49.9  50.1  45.5  45.4  154
114  1.6  0.0  20  -  6.5  z  1/2  287  50.7  49.3  47.3  47.1  173
115  1.6  0.0  20  -  6.5  z  3/4  286  48.4  51.6  48.4  48.2  168
116  1.6  0.0  20  -  6.5  z  1  303  49.7  50.3  47.0  46.8  186
117  2.0  0.0  20  -  6.5  x  1/8  6  14.0  86.0  0.0  0.0  0
118  2.0  0.0  20  -  6.5  x  1/4  9  14.8  85.2  0.0  0.0  3
119  2.0  0.0  20  -  6.5  x  1/2  2  19.3  80.7  0.0  0.0  0
120  2.0  0.0  20  -  6.5  x  3/4  6  23.2  76.8  0.0  0.0  1
121  2.0  0.0  20  -  6.5  x  1  2  30.5  69.5  0.0  0.0  0
122  2.0  0.0  20  -  6.5  y  1/8  6  10.9  89.1  0.0  0.0  1
123  2.0  0.0  20  -  6.5  y  1/4  112  4.7  95.2  2.2  1.6  37
124  2.0  0.0  20  -  6.5  y  1/2  38  1.1  98.9  0.3  0.2  13
125  2.0  0.0  20  -  6.5  y  3/4  45  3.6  96.4  0.2  0.2  17
126  2.0  0.0  20  -  6.5  y  1  8  14.3  85.7  0.1  0.0  1
127  2.0  0.0  20  -  6.5  z  1/8  5  0.0  100.0  14.8  14.8  2
128  2.0  0.0  20  -  6.5  z  1/4  73  76.4  23.6  19.3  19.3  47
129  2.0  0.0  20  -  6.5  z  1/2  189  53.4  46.6  39.2  39.1  117
130  2.0  0.0  20  -  6.5  z  3/4  254  50.6  49.4  46.8  46.7  151
131  2.0  0.0  20  -  6.5  z  1  301  47.7  52.3  46.8  46.5  187
132  1.6  0.6  20  -  6.5  x  1/8  63  75.2  24.8  19.2  19.1  23
133  1.6  0.6  20  -  6.5  x  1/4  40  78.4  21.6  20.7  20.7  10
134  1.6  0.6  20  -  6.5  x  1/2  79  84.3  15.7  15.6  15.1  27
135  1.6  0.6  20  -  6.5  x  3/4  215  84.6  15.4  15.0  14.7  41
136  1.6  0.6  20  -  6.5  x  1  126  79.2  20.8  19.2  18.9  29
137  1.6  0.6  20  -  6.5  y  1/8  32  80.6  19.4  19.3  19.2  17
138  1.6  0.6  20  -  6.5  y  1/4  184  78.6  21.4  21.2  20.4  76
139  1.6  0.6  20  -  6.5  y  1/2  509  72.8  27.2  19.8  18.3  190
140  1.6  0.6  20  -  6.5  y  3/4  1145  70.6  29.4  24.0  18.8  599
141  1.6  0.6  20  -  6.5  y  1  1441  69.8  30.2  26.2  22.2  617
142  1.6  0.6  20  -  6.5  z  1/8  184  71.4  28.6  24.4  24.3  76
143  1.6  0.6  20  -  6.5  z  1/4  210  67.9  32.1  27.7  27.7  86
144  1.6  0.6  20  -  6.5  z  1/2  256  66.5  33.5  30.7  30.6  116
145  1.6  0.6  20  -  6.5  z  3/4  296  63.8  36.2  32.4  32.3  141
146  1.6  0.6  20  -  6.5  z  1  293  63.5  36.5  34.0  33.7  145
147  1.1  0.0  20  -  6.5  z  1/2  300  48.5  51.5  47.2  47.0  173
148  1.3  0.0  20  -  6.5  z  1/2  300  50.2  49.8  47.5  47.4  183
149  1.4  0.0  20  -  6.5  z  1/2  279  48.9  51.1  47.4  47.3  171
150  1.5  0.0  20  -  6.5  z  1/2  294  49.2  50.8  47.9  47.8  171
151  1.7  0.0  20  -  6.5  z  1/2  261  49.8  50.2  46.2  46.1  152
152  1.8  0.0  20  -  6.5  z  1/2  261  49.2  50.8  44.8  44.7  157
153  1.9  0.0  20  -  6.5  z  1/2  234  49.9  50.1  42.9  42.8  146
154  2.2  0.0  20  -  6.5  z  1/2  57  82.7  17.3  17.0  16.9  36
155  2.4  0.0  20  -  6.5  z  1/2  139  1.6  98.4  3.3  3.2  45
156  2.6  0.0  20  -  6.5  z  1/2  1  0.0  100.0  0.0  0.0  0
157  2.8  0.0  20  -  6.5  z  1/2  1  100.0  0.0  0.0  0.0  0
158  3.0  0.0  20  -  6.5  z  1/2  1  100.0  0.0  0.0  0.0  0
159  1.1  0.0  20  -  6.5  z  1  343  49.6  50.4  48.0  47.7  206
160  1.3  0.0  20  -  6.5  z  1  320  49.2  50.8  48.8  48.7  178
161  1.4  0.0  20  -  6.5  z  1  323  48.6  51.4  47.4  46.6  195
162  1.5  0.0  20  -  6.5  z  1  321  49.4  50.6  48.2  48.1  193
163  1.7  0.0  20  -  6.5  z  1  314  48.6  51.4  46.5  46.3  195
164  1.8  0.0  20  -  6.5  z  1  291  49.3  50.7  46.7  46.6  175
165  1.9  0.0  20  -  6.5  z  1  292  47.5  52.5  45.3  45.1  163
166  2.2  0.0  20  -  6.5  z  1  265  48.4  51.6  47.0  46.9  162
167  2.4  0.0  20  -  6.5  z  1  211  52.7  47.3  42.0  41.9  130
168  2.6  0.0  20  -  6.5  z  1  133  64.1  35.9  33.1  33.0  79
169  2.8  0.0  20  -  6.5  z  1  2  19.8  80.2  0.0  0.0  0
170  3.0  0.0  20  -  6.5  z  1  101  3.2  96.8  0.9  0.8  20
171  1.2  0.2  20  -  6.5  z  1/2  288  49.7  50.3  46.6  46.5  161
172  1.2  0.4  20  -  6.5  z  1/2  294  55.1  44.9  42.2  42.1  159
173  1.2  0.6  20  -  6.5  z  1/2  277  62.4  37.6  32.2  32.1  121
174  1.2  0.8  20  -  6.5  z  1/2  263  74.7  25.3  23.4  23.4  91
175  1.2  1.0  20  -  6.5  z  1/2  227  86.7  13.3  10.9  10.9  51
176  1.2  1.2  20  -  6.5  z  1/2  197  96.6  3.4  1.9  1.9  12
177  1.2  1.4  20  -  6.5  z  1/2  151  100.0  0.0  0.0  0.0  0
178  1.2  1.6  20  -  6.5  z  1/2  122  100.0  0.0  0.0  0.0  0
179  1.6  0.2  20  -  6.5  z  1/2  287  52.8  47.2  44.7  44.6  170
180  1.6  0.4  20  -  6.5  z  1/2  283  57.0  43.0  38.9  38.8  148
181  1.6  0.8  20  -  6.5  z  1/2  242  77.5  22.5  20.3  20.2  77
182  1.6  1.0  20  -  6.5  z  1/2  218  88.9  11.1  8.8  8.8  38
183  2.0  0.2  20  -  6.5  z  1/2  222  54.7  45.3  38.0  37.9  136
184  2.0  0.4  20  -  6.5  z  1/2  179  62.5  37.5  29.5  29.4  91
185  2.0  0.6  20  -  6.5  z  1/2  168  76.9  23.1  20.3  20.3  63
186  2.0  0.8  20  -  6.5  z  1/2  135  89.9  10.1  8.3  8.3  30
187  2.0  1.0  20  -  6.5  z  1/2  115  100.0  0.0  0.0  0.0  0
188  1.2  0.2  20  -  6.5  z  1  303  48.4  51.6  45.9  45.8  167
189  1.2  0.4  20  -  6.5  z  1  311  55.2  44.8  42.1  42.0  164
190  1.2  0.6  20  -  6.5  z  1  301  63.8  36.2  35.7  35.5  146
191  1.2  0.8  20  -  6.5  z  1  283  73.1  26.9  24.3  24.3  114
192  1.2  1.0  20  -  6.5  z  1  241  84.2  15.8  12.3  12.2  60
193  1.2  1.2  20  -  6.5  z  1  244  95.5  4.5  3.6  3.5  32
194  1.2  1.4  20  -  6.5  z  1  219  100.0  0.0  0.0  0.0  0
195  1.2  1.6  20  -  6.5  z  1  218  100.0  0.0  0.0  0.0  0
196  1.6  0.2  20  -  6.5  z  1  318  50.3  49.7  45.6  45.5  189
197  1.6  0.8  20  -  6.5  z  1  255  74.7  25.3  23.4  23.3  99
198  1.6  1.0  20  -  6.5  z  1  248  85.3  14.7  12.4  12.4  60
199  2.0  0.2  20  -  6.5  z  1  286  51.5  48.5  44.4  44.4  171
200  2.0  0.4  20  -  6.5  z  1  267  57.2  42.8  39.3  39.2  150
201  2.0  0.6  20  -  6.5  z  1  253  66.8  33.2  30.0  29.9  107
202  2.0  0.8  20  -  6.5  z  1  244  77.8  22.2  19.5  19.5  89
203  2.0  1.0  20  -  6.5  z  1  194  89.7  10.3  8.8  8.7  39
